type, date time, latitude,longitude, accuracy(m), altitude(m), geoid_height(m),speed(m/s), bearing(deg), sat_used,sat_inview, name, desc
T, 45063,3133217593, -727613304,11280184038, 2.50, 36000, ,8630, 342, 27,32, , 
T, 45063,3133333333, -727604985,11280180526, 2.00, 36000, ,8700, 342, 29,34, , 
T, 45063,3133449074, -727597048,11280176385, 2.50, 37000, ,8450, 330, 29,34, , 
T, 45063,3133564815, -727590958,11280171205, 2.50, 36000, ,7250, 317, 28,34, , 
T, 45063,3133680556, -727586239,11280165296, 2.00, 37000, ,7760, 309, 29,34, , 
T, 45063,3133796296, -727581080,11280158750, 2.00, 36000, ,9580, 304, 29,34, , 
T, 45063,3133912037, -727575971,11280151030, 2.00, 36000, ,10360, 304, 29,34, , 
T, 45063,3134027778, -727570406,11280143310, 2.00, 36000, ,10420, 306, 29,34, , 
T, 45063,3134143519, -727564802,11280135373, 1.50, 35000, ,10840, 305, 29,34, , 
T, 45063,3134259259, 0,0, 1.50, 0, ,11420, 307, 29,34, , 
T, 45063,3134375, 0,0, 1.50, 0, ,11480, 310, 29,34, , 
T, 45063,3134490741, 0,0, 1.50, 0, ,11370, 311, 29,34, , 
T, 45063,3134606481, 0,0, 1.50, 0, ,11220, 318, 29,34, , 
T, 45063,3134722222, 0,0, 1.50, 0, ,11100, 332, 29,33, , 
T, 45063,3134837963, 0,0, 1.50, 0, ,10600, 341, 28,32, , 
T, 45063,3134953704, 0,0, 1.50, 0, ,9820, 349, 29,33, , 
T, 45063,3135069444, 0,0, 1.50, 0, ,10060, 352, 29,33, , 
T, 45063,3135185185, 0,0, 1.50, 0, ,10030, 354, 27,32, , 
T, 45063,3135300925, 0,0, 1.50, 0, ,9270, 355, 28,33, , 
T, 45063,3135416667, -727475640,11280088895, 1.50, 36000, ,8740, 355, 29,33, , 
T, 45063,3135532407, -727468293,11280087839, 1.50, 35000, ,7610, 355, 28,32, , 
T, 45063,3135648148, -727462091,11280086691, 1.50, 35000, ,7330, 343, 28,32, , 
T, 45063,3135763889, -727456190,11280083841, 2.00, 35000, ,7550, 331, 28,33, , 
T, 45063,313587963, -727450218,11280079549, 2.00, 34000, ,7700, 319, 29,33, , 
T, 45063,313599537, -727445637,11280074009, 2.00, 34000, ,7680, 306, 29,31, , 
T, 45063,3136111111, -727442330,11280067815, 1.50, 34000, ,7860, 293, 29,33, , 
T, 45063,3136226852, -727440327,11280060975, 2.00, 34000, ,8410, 284, 29,33, , 
T, 45063,3136342593, -727440067,11280053691, 2.00, 35000, ,8460, 267, 29,33, , 
T, 45063,3136458333, -727440516,11280046583, 2.00, 35000, ,8800, 263, 28,32, , 
T, 45063,3136574074, -727441366,11280038914, 2.00, 35000, ,9000, 263, 28,33, , 
T, 45063,3136689815, -727441827,11280030280, 2.00, 35000, ,10250, 267, 29,34, , 
T, 45063,3136805556, -727442531,11280020423, 1.50, 35000, ,11220, 267, 29,34, , 
T, 45063,3136921296, -727442971,11280009988, 1.50, 35000, ,11290, 267, 29,34, , 
T, 45063,3137037037, -727443328,11279999779, 1.50, 35000, ,10820, 269, 28,33, , 
T, 45063,3137152778, -727442980,11279990659, 2.00, 35000, ,10220, 272, 28,34, , 
T, 45063,3137268519, -727442540,11279981355, 1.50, 35000, ,10250, 273, 29,34, , 
T, 45063,3137384259, -727441408,11279971548, 2.00, 35000, ,10800, 276, 29,34, , 
T, 45063,31375, -727440838,11279961742, 2.00, 35000, ,10580, 270, 29,34, , 
T, 45063,3137615741, -727440960,11279952538, 2.00, 35000, ,10200, 269, 28,33, , 
T, 45063,3137731481, -727440947,11279943377, 2.00, 35000, ,9350, 268, 29,34, , 
T, 45063,3137847222, -727441387,11279934601, 2.00, 35000, ,9420, 266, 29,34, , 
T, 45063,3137962963, -727442116,11279925833, 2.00, 35000, ,9710, 262, 29,34, , 
T, 45063,3138078704, -727443713,11279916412, 2.00, 35000, ,11190, 260, 29,34, , 
T, 45063,3138194444, -727444832,11279906111, 2.00, 35000, ,11890, 265, 29,34, , 
T, 45063,3138310185, -727445390,11279895650, 1.50, 35000, ,11660, 268, 29,34, , 
T, 45063,3138425926, -727445926,11279885441, 1.50, 35000, ,11330, 268, 29,34, , 
T, 45063,3138541667, -727446580,11279875659, 1.50, 36000, ,10720, 266, 29,34, , 
T, 45063,3138657407, -727447527,11279866691, 1.50, 35000, ,9630, 264, 29,34, , 
T, 45063,3138773148, -727448516,11279857806, 1.50, 35000, ,9540, 263, 29,34, , 
T, 45063,3138888889, -727450243,11279849122, 1.50, 35000, ,9140, 255, 29,34, , 
T, 45063,313900463, -727452636,11279841512, 1.50, 35000, ,8720, 249, 27,32, , 
T, 45063,313912037, -727455632,11279834202, 1.50, 35000, ,8590, 246, 28,34, , 
T, 45063,3139236111, -727458985,11279827220, 1.50, 35000, ,8430, 241, 29,34, , 
T, 45063,3139351852, -727463013,11279821110, 2.00, 35000, ,7790, 236, 27,33, , 
T, 45063,3139467593, -727466960,11279815578, 1.50, 35000, ,7390, 233, 28,35, , 
T, 45063,3139583333, -727470971,11279810356, 2.00, 35000, ,6930, 231, 29,35, , 
T, 45063,3139699074, -727474835,11279805838, 1.50, 35000, ,6920, 233, 29,35, , 
T, 45063,3139814815, -727478812,11279800792, 1.50, 35000, ,7570, 235, 29,35, , 
T, 45063,3139930556, -727482446,11279794908, 1.50, 35000, ,8230, 244, 29,35, , 
T, 45063,3140046296, -727484529,11279787557, 2.00, 35000, ,8510, 260, 28,34, , 
T, 45063,3140162037, -727484822,11279780173, 1.50, 35000, ,8700, 271, 29,34, , 
T, 45063,3140277778, -727484449,11279772562, 1.50, 36000, ,8570, 271, 29,34, , 
T, 45063,3140393519, -727484504,11279764440, 1.50, 35000, ,8770, 271, 27,34, , 
T, 45063,3140509259, -727484730,11279756217, 1.50, 35000, ,9270, 269, 28,34, , 
T, 45063,3140625, -727485560,11279747291, 1.50, 35000, ,9560, 263, 29,35, , 
T, 45063,3140740741, -727486453,11279738087, 1.50, 35000, ,10310, 261, 28,34, , 
T, 45063,3140856481, -727487756,11279728842, 1.50, 35000, ,10660, 260, 28,35, , 
T, 45063,3140972222, -727489470,11279719320, 1.50, 34000, ,10770, 259, 29,35, , 
T, 45063,3141087963, -727491545,11279709974, 1.50, 34000, ,10530, 258, 29,35, , 
T, 45063,3141203704, -727494193,11279700628, 1.50, 34000, ,10260, 256, 29,35, , 
T, 45063,3141319444, -727496712,11279692104, 2.00, 34000, ,9280, 256, 29,35, , 
T, 45063,3141435185, -727498979,11279684854, 2.00, 34000, ,7720, 256, 29,33, , 
T, 45063,3141550926, -727500660,11279678827, 2.00, 35000, ,7090, 255, 29,34, , 
T, 45063,3141666667, -727502039,11279673513, 2.00, 34000, ,5690, 255, 29,33, , 
T, 45063,3141782407, -727503082,11279668760, 2.00, 35000, ,4170, 258, 29,34, , 
T, 45063,3141898148, -727503552,11279665324, 2.00, 35000, ,4230, 261, 29,34, , 
T, 45063,3142013889, -727503912,11279660697, 2.00, 35000, ,5860, 258, 29,34, , 
T, 45063,314212963, -727505253,11279655056, 2.00, 34000, ,6240, 258, 29,34, , 
T, 45063,314224537, -727506930,11279648644, 2.00, 33000, ,6590, 257, 29,34, , 
T, 45063,3142361111, -727509012,11279641042, 2.00, 33000, ,8640, 257, 29,34, , 
T, 45063,3142476852, -727511007,11279632919, 2.00, 33000, ,8860, 258, 28,33, , 
T, 45063,3142592593, -727512650,11279624303, 2.00, 32000, ,10140, 260, 29,34, , 
T, 45063,3142708333, -727514402,11279614597, 2.00, 32000, ,10350, 260, 29,34, , 
T, 45063,3142824074, -727516078,11279604681, 1.50, 33000, ,10820, 261, 29,34, , 
T, 45063,3142939815, -727517734,11279594924, 2.00, 33000, ,10690, 260, 29,35, , 
T, 45063,3143055556, -727519574,11279585620, 1.50, 33000, ,10280, 259, 29,35, , 
T, 45063,3143171296, -727521128,11279576660, 2.00, 33000, ,9290, 257, 28,34, , 
T, 45063,3143287037, -727522872,11279569603, 1.50, 32000, ,7730, 257, 28,35, , 
T, 45063,3143402778, -727524050,11279563786, 2.00, 32000, ,6610, 257, 28,35, , 
T, 45063,3143518519, -727525223,11279558471, 1.50, 32000, ,5530, 255, 28,35, , 
T, 45063,3143634259, -727526690,11279553769, 1.50, 32000, ,5510, 255, 28,35, , 
T, 45063,314375, -727528417,11279548287, 1.50, 33000, ,6560, 253, 28,33, , 
T, 45063,3143865741, -727530294,11279541532, 1.50, 33000, ,7860, 256, 29,34, , 
T, 45063,3143981481, -727531903,11279533711, 1.50, 33000, ,9340, 257, 29,34, , 
T, 45063,3144097222, -727533865,11279524961, 1.50, 33000, ,9910, 260, 29,34, , 
T, 45063,3144212963, -727535151,11279515816, 2.00, 34000, ,10050, 260, 29,34, , 
T, 45063,3144328704, -727537008,11279506076, 1.50, 33000, ,10640, 258, 28,33, , 
T, 45063,3144444444, -727539158,11279496060, 1.50, 33000, ,11070, 257, 29,33, , 
T, 45063,3144560185, -727541191,11279486236, 1.50, 34000, ,11070, 257, 28,33, , 
T, 45063,3144675926, -727543458,11279476346, 1.50, 34000, ,10920, 257, 29,34, , 
T, 45063,3144791667, 0,0, 1.50, 0, ,10780, 258, 29,34, , 
T, 45063,3144907407, 0,0, 1.50, 0, ,10680, 258, 27,33, , 
T, 45063,3145023148, 0,0, 1.50, 0, ,10320, 259, 28,34, , 
T, 45063,3145138889, 0,0, 1.50, 0, ,9940, 258, 29,34, , 
T, 45063,314525463, -727552443,11279431519, 2.00, 33000, ,8220, 254, 28,34, , 
T, 45063,314537037, -727554271,11279424990, 2.00, 32000, ,7350, 256, 28,34, , 
T, 45063,3145486111, -727556047,11279418871, 2.00, 33000, ,7090, 256, 27,32, , 
T, 45063,3145601851, -727557104,11279413800, 2.00, 33000, ,5310, 258, 27,34, , 
T, 45063,3145717593, -727558277,11279409047, 2.00, 33000, ,5300, 260, 28,34, , 
T, 45063,3145833333, -727559275,11279403876, 2.00, 34000, ,5850, 260, 29,34, , 
T, 45063,3145949074, -727560750,11279397673, 1.50, 34000, ,8030, 257, 28,34, , 
T, 45063,3146064815, -727563017,11279390121, 1.50, 34000, ,8840, 256, 28,33, , 
T, 45063,3146180556, -727565150,11279382259, 2.00, 34000, ,9430, 257, 28,34, , 
T, 45063,3146296296, -727567133,11279373969, 2.00, 35000, ,9840, 257, 29,32, , 
T, 45063,3146412037, -727569228,11279365143, 2.00, 35000, ,10180, 258, 29,33, , 
T, 45063,3146527778, -727571529,11279355495, 2.00, 35000, ,10760, 259, 27,33, , 
T, 45063,3146643518, -727573683,11279345772, 2.00, 35000, ,10960, 259, 29,34, , 
T, 45063,3146759259, -727575707,11279336158, 2.00, 35000, ,11050, 259, 29,34, , 
T, 45063,3146875, -727578000,11279325916, 2.00, 35000, ,11100, 259, 27,34, , 
T, 45063,3146990741, -727580292,11279316897, 2.00, 35000, ,9860, 255, 28,33, , 
T, 45063,3147106481, -727582543,11279308280, 1.50, 35000, ,9770, 255, 29,34, , 
T, 45063,3147222222, -727584546,11279299135, 2.00, 34000, ,10010, 256, 28,34, , 
T, 45063,3147337963, -727586361,11279290326, 2.00, 34000, ,10140, 256, 29,34, , 
T, 45063,3147453704, -727588473,11279281458, 2.00, 34000, ,9740, 258, 28,34, , 
T, 45063,3147569444, -727590183,11279272833, 1.50, 34000, ,9300, 258, 28,34, , 
T, 45063,3147685185, -727591977,11279265289, 2.00, 35000, ,8150, 257, 27,33, , 
T, 45063,3147800926, -727593339,11279259103, 2.00, 34000, ,6690, 258, 29,34, , 
T, 45063,3147916667, -727594437,11279254024, 2.00, 34000, ,5350, 257, 29,34, , 
T, 45063,3148032407, -727595405,11279249548, 2.00, 34000, ,5000, 257, 29,34, , 
T, 45063,3148148148, -727596574,11279245592, 2.00, 34000, ,4290, 260, 29,34, , 
T, 45063,3148263889, -727597613,11279241158, 2.00, 34000, ,4840, 262, 26,32, , 
T, 45063,314837963, -727598904,11279236120, 2.00, 34000, ,5090, 258, 29,34, , 
T, 45063,314849537, -727601343,11279229046, 2.00, 33000, ,8880, 254, 27,34, , 
T, 45063,3148611111, -727603376,11279220329, 2.00, 34000, ,9860, 260, 27,34, , 
T, 45063,3148726852, -727605082,11279210907, 2.00, 34000, ,9980, 261, 29,33, , 
T, 45063,3148842593, -727606708,11279201721, 2.00, 34000, ,10330, 258, 29,34, , 
T, 45063,3148958333, -727608866,11279192316, 2.00, 33000, ,10640, 258, 29,33, , 
T, 45063,3149074074, -727611033,11279182317, 2.00, 34000, ,11320, 257, 29,33, , 
T, 45063,3149189815, -727613489,11279172258, 1.50, 34000, ,11610, 257, 29,34, , 
T, 45063,3149305556, -727616380,11279161823, 1.50, 34000, ,11820, 258, 29,35, , 
T, 45063,3149421296, -727618966,11279151362, 1.50, 34000, ,11830, 258, 29,35, , 
T, 45063,3149537037, -727621250,11279140960, 2.00, 34000, ,11810, 257, 29,35, , 
T, 45063,3149652778, -727623040,11279130508, 1.50, 34000, ,12090, 258, 29,35, , 
T, 45063,3149768518, -727625320,11279120031, 1.50, 34000, ,12120, 258, 29,34, , 
T, 45063,3149884259, -727627453,11279109553, 1.50, 34000, ,12210, 257, 29,34, , 
T, 45063,315, -727629926,11279098607, 1.50, 34000, ,12350, 257, 29,34, , 
T, 45063,3150115741, 0,0, 1.50, 0, ,12570, 256, 29,34, , 
T, 45063,3150231481, 0,0, 1.50, 0, ,12440, 254, 29,34, , 
T, 45063,3150347222, 0,0, 1.50, 0, ,11950, 248, 29,34, , 
T, 45063,3150462963, 0,0, 1.50, 0, ,11620, 244, 29,34, , 
T, 45063,3150578704, 0,0, 1.50, 0, ,11460, 239, 28,33, , 
T, 45063,3150694444, 0,0, 1.50, 0, ,11520, 236, 28,34, , 
T, 45063,3150810185, 0,0, 2.00, 0, ,11040, 225, 29,33, , 
T, 45063,3150925926, -727668621,11279022348, 2.00, 34000, ,10550, 216, 29,34, , 
T, 45063,3151041667, -727676814,11279016917, 2.00, 34000, ,10630, 214, 28,33, , 
T, 45063,3151157407, -727685284,11279013983, 2.00, 34000, ,9320, 196, 27,33, , 
T, 45063,3151273148, -727693745,11279012835, 2.00, 34000, ,7940, 186, 28,34, , 
T, 45063,3151388889, -727700765,11279012533, 2.00, 33000, ,7120, 186, 29,33, , 
T, 45063,315150463, -727706926,11279012952, 2.00, 33000, ,5590, 180, 29,32, , 
T, 45063,315162037, -727711498,11279013773, 2.00, 33000, ,5080, 174, 29,33, , 
T, 45063,3151736111, -727715228,11279014276, 2.00, 33000, ,3480, 177, 29,32, , 
T, 45063,3151851852, -727718082,11279014721, 2.00, 33000, ,3100, 177, 29,33, , 
T, 45063,3151967593, -727720894,11279015006, 2.00, 33000, ,2950, 178, 29,33, , 
T, 45063,3152083333, -727723501,11279014964, 2.00, 33000, ,2980, 178, 29,33, , 
T, 45063,3152199074, -727726414,11279014972, 2.00, 33000, ,3220, 179, 29,33, , 
T, 45063,3152314815, -727730366,11279014679, 2.00, 33000, ,4950, 183, 29,33, , 
T, 45063,3152430556, -727736409,11279014075, 2.00, 33000, ,7320, 182, 29,33, , 
T, 45063,3152546296, -727743802,11279013916, 2.00, 33000, ,7970, 178, 29,33, , 
T, 45063,3152662037, -727751832,11279014033, 2.00, 33000, ,8500, 178, 29,33, , 
T, 45063,3152777778, -727760004,11279014695, 2.00, 33000, ,9150, 176, 29,33, , 
T, 45063,3152893518, -727769199,11279015542, 2.00, 32000, ,10260, 175, 29,33, , 
T, 45063,3153009259, -727778843,11279016623, 2.00, 32000, ,10200, 174, 29,33, , 
T, 45063,3153125, -727788608,11279018090, 2.00, 32000, ,10340, 173, 29,33, , 
T, 45063,3153240741, -727798469,11279019414, 1.50, 32000, ,10910, 173, 29,33, , 
T, 45063,3153356481, -727808544,11279020982, 1.50, 32000, ,10980, 174, 29,33, , 
T, 45063,3153472222, -727818217,11279022315, 1.50, 31000, ,10870, 173, 28,32, , 
T, 45063,3153587963, -727828212,11279023647, 1.50, 31000, ,10860, 173, 29,33, , 
T, 45063,3153703704, -727838275,11279024770, 1.50, 31000, ,10790, 175, 29,33, , 
T, 45063,3153819444, -727848140,11279026170, 1.50, 31000, ,10130, 175, 29,33, , 
T, 45063,3153935185, -727857117,11279027092, 1.50, 31000, ,9380, 175, 29,33, , 
T, 45063,3154050926, -727865130,11279027671, 1.50, 31000, ,8460, 175, 29,33, , 
T, 45063,3154166667, -727872427,11279028584, 1.50, 32000, ,7290, 172, 29,33, , 
T, 45063,3154282407, -727878868,11279029733, 1.50, 32000, ,6640, 169, 29,33, , 
T, 45063,3154398148, -727884040,11279031501, 1.50, 32000, ,5610, 158, 29,33, , 
T, 45063,3154513889, -727888159,11279034100, 1.50, 32000, ,5460, 139, 28,32, , 
T, 45063,315462963, -727891026,11279038073, 2.00, 32000, ,5420, 121, 28,32, , 
T, 45063,315474537, -727893356,11279043311, 1.50, 33000, ,6420, 111, 29,33, , 
T, 45063,3154861111, -727895204,11279049204, 1.50, 33000, ,7170, 106, 29,33, , 
T, 45063,3154976852, -727897468,11279055649, 1.50, 33000, ,7500, 112, 28,32, , 
T, 45063,3155092593, -727900347,11279061642, 1.50, 33000, ,7290, 116, 29,33, , 
T, 45063,3155208333, -727904282,11279067460, 1.50, 33000, ,7650, 125, 29,33, , 
T, 45063,3155324074, -727908846,11279072799, 1.50, 34000, ,7810, 136, 29,33, , 
T, 45063,3155439815, -727914583,11279077325, 1.50, 34000, ,7610, 148, 29,33, , 
T, 45063,3155555556, -727921318,11279079697, 1.50, 34000, ,7540, 162, 29,33, , 
T, 45063,3155671296, -727928837,11279081197, 2.00, 35000, ,7620, 170, 27,33, , 
T, 45063,3155787037, -727935731,11279081239, 1.50, 35000, ,7860, 187, 28,33, , 
T, 45063,3155902777, -727942474,11279080359, 1.50, 35000, ,7620, 197, 28,32, , 
T, 45063,3156018518, -727948618,11279078146, 1.50, 36000, ,7090, 208, 29,33, , 
T, 45063,3156134259, -727954200,11279074810, 2.00, 36000, ,6990, 210, 29,33, , 
T, 45063,315625, -727958563,11279070812, 2.00, 36000, ,6160, 227, 28,32, , 
T, 45063,3156365741, -727960969,11279066320, 1.50, 36000, ,5660, 238, 29,33, , 
T, 45063,3156481481, -727963014,11279061416, 1.50, 36000, ,5690, 241, 29,33, , 
T, 45063,3156597222, -727965005,11279056245, 1.50, 36000, ,5620, 247, 29,33, , 
T, 45063,3156712963, -727966601,11279051132, 1.50, 36000, ,5790, 257, 29,33, , 
T, 45063,3156828704, -727966815,11279045474, 1.50, 35000, ,5790, 269, 29,32, , 
T, 45063,3156944444, -727965730,11279039120, 2.00, 35000, ,6830, 281, 29,33, , 
T, 45063,3157060185, -727962641,11279032574, 2.00, 36000, ,8040, 296, 29,33, , 
T, 45063,3157175926, -727958660,11279025684, 2.00, 36000, ,8100, 300, 29,33, , 
T, 45063,3157291667, -727955005,11279019448, 1.50, 36000, ,7940, 300, 29,33, , 
T, 45063,3157407407, -727951929,11279013765, 2.00, 36000, ,6110, 293, 29,33, , 
